 92.105 15.646 90.190 47.065 38.370 53.640 69.455 42.840 50.005 36.360 45.980 50.805 22.330 21.410 67.855 74.475 66.050 20.955 90.820 26.595
 2  123.186844 
 95.780 39.420  3.145 19.540 45.650 82.180  1.613 94.000 90.940  4.303 61.700 11.440 72.420 53.040 30.700 59.980 43.820 52.570 71.330 23.930
 1  0.000000 
 10.250 45.800 18.710 98.570  8.024  7.929 44.630 83.090 12.830 62.340 43.030 76.740 50.610  0.877 19.240 91.910 10.590 88.440 97.540 87.980
 1  0.000000 
 75.627 37.230 64.097 73.593 15.960 20.033 37.070 21.542 58.393 49.332 32.240 53.463 64.197 50.500 82.100 64.147 31.164 60.683 35.313 28.783
 3  125.590279 
 60.658 47.022 22.964 61.785 11.825 58.340 35.491 72.757 48.518 66.963 82.312 64.500 69.385 43.078 67.243 47.923 62.153 32.862 60.735 35.485
 4  160.491379 
 68.710 55.725 31.445 41.155 21.063 73.590 28.315 89.720 38.655 63.330 60.525 59.670 63.085 35.025 53.075 17.338 33.871 12.419 65.360 10.536
 2  155.954773 
 27.985 28.308 54.202 71.514 10.418 23.244 53.412 86.849 57.765 18.298 81.778 18.066 19.358 18.254 27.328 82.272 88.751 75.826  8.250 24.705
 25  15.486500 
 43.117 24.165 28.548 73.465 27.578 77.828 44.309 25.217 14.230 16.569 84.052 75.526 67.120 33.840 55.267 83.900 70.770 77.851 28.802 19.059
 22  20.768055 
 64.350 56.780 86.520 56.480 18.690 31.910 45.580 77.020 17.890  0.863 94.170 88.220 79.300 34.080 26.660 15.300 91.870 83.670 98.690 85.800
 1  0.000000 
 17.032 79.545 85.117  9.426 69.537  7.984 82.446 67.015 64.486 24.904 68.559 69.425 28.353 68.476 34.304 12.165 19.926 13.528 54.768 77.122
 25  15.739840 
 85.480 27.110 32.260 95.080 46.590 69.720 87.800 63.380 67.540 48.260 83.250  6.345 16.480 12.820  5.686 37.740  6.460 88.400 89.430 17.760
 1  0.000000 
 11.451 60.528 33.967 50.897 71.304 25.385 29.229 88.728 64.626 81.858 78.481 63.635 62.806 56.856 22.524 24.003 20.897 85.541 22.501 91.879
 25  16.774492 
 88.190 31.480 63.465 85.795 76.725 54.915 82.705 87.640 83.860 44.195 34.840  7.439 26.402 52.840 40.960 46.945 65.270 60.230 91.885 12.358
 2  100.297035 
 89.565 72.362 44.706 91.150 83.587 92.119 25.627 61.353 41.182 85.645 45.130 35.028 25.127 29.531 89.347 60.391 64.770 15.671 86.267 11.930
 11  15.961703 
  9.144 71.605 78.120 71.245 83.360 19.137 23.157 72.045 72.230 19.857 88.515 56.620 64.265 81.465 28.311 38.750 34.450 50.380 59.825 67.380
 2  106.591759 
 33.915 17.686  6.123 11.950 16.362 39.140 16.852 58.008 22.571 79.442 19.705 82.445  9.255 66.661 34.494 64.264 76.511 48.398 50.390 92.148
 11  16.030285 
 60.880 77.180 77.650 66.290 21.740 83.880 47.820 94.190 16.910 90.980 88.380 11.000 86.780 91.460 69.170 91.840 14.780  3.438 11.090 83.260
 1  0.000000 
 65.163 88.238 13.560 15.753 43.786 27.164 27.538 51.639 18.998 18.900 16.846 20.565 27.890 67.496  8.093 56.301 46.679 89.492 57.250 23.484
 25  16.686932 
 30.876 32.780 70.107 13.620 91.020 27.350 38.248 29.915 13.153 70.428 12.275 46.554 21.214 54.938 33.698 27.663  8.532 82.936 26.290 30.632
 25  15.826496 
 41.530  5.834 50.250 34.850  9.651 26.370  4.716  3.634 96.130 69.280 60.130 83.670 84.960 98.480 61.650 90.070 95.760 97.740 37.550  3.222
 1  0.000000 
 18.010 71.320 38.400 40.210 77.120 79.610 80.810 42.750 18.400 45.540 21.610 13.990 76.260 66.720 86.450 68.750 25.130 22.680 44.730 80.360
 1  0.000000 
 36.716 12.923 31.326 78.458 56.082 66.421 38.371 26.019 43.622 28.320 29.694 88.405 43.797 46.792 22.640 25.418 45.570 68.543 42.172 70.876
 25  15.581590 
 36.927 21.910 27.160 70.443 24.580 74.580 38.263 23.920  8.314 15.877 84.327 74.057 74.027 40.553 55.193 84.317 72.403 80.517 24.377 15.309
 3  24.367496 
 27.450 57.310 61.820 52.370  1.058 35.240 64.430 86.080 47.800 19.750 58.780 21.550  1.856 63.590 50.210  0.135 46.570 81.430 16.650 90.070
 1  0.000000 
 54.435 23.830 19.065 24.427 17.010 63.855 49.185 42.177 32.695 83.118 19.618 58.950 42.449 71.817 25.917 48.022 58.615 62.518 65.815 61.267
 0  0.000000 
 53.490 40.250 30.560 17.670  6.814 54.010 66.230 19.920 22.470 83.770 74.910 44.520  9.604 35.200 50.290 77.740 18.500 13.100 69.880 33.720
 1  0.000000 
 63.110 21.360 70.600 49.320 23.410 14.780 84.060 13.640 70.570 69.220 36.500 36.610 67.830 84.540 90.320 97.920 43.530 64.030 43.650  2.022
 1  0.000000 
  3.186 94.270 70.750 41.620 90.450 30.990 97.280 96.810 10.750 38.300  9.375 87.440 77.270 82.230 32.730 49.730 76.620 81.580 38.730  9.176
 1  0.000000 
  5.134 58.480 68.590 64.250  1.012 27.360 39.360 16.350 25.910 21.660  4.057 54.810 60.290  2.597  8.153  1.273 23.690 24.160 91.500 77.730
 1  0.000000 
 91.460  1.485 69.490 45.260 53.950 52.970 30.170 31.480 90.220 17.230 37.220 36.990  7.216 98.860 30.710 32.930 20.470  5.381 66.650 34.160
 1  0.000000 
 65.960 57.600 82.920 86.330 32.050 48.010 54.700  3.948 30.010 23.560  3.601 27.550 73.650  2.294  2.576 73.890 23.430 10.390 24.400 97.110
 1  0.000000 
 23.537 65.498 44.361 46.901 65.825 88.151 53.429 45.586 69.974 39.886 10.561 79.071 46.271 84.523 59.933 59.441 11.042 26.505 84.327 55.048
 11  20.031099 
 54.390 72.750 27.340 59.440 85.200 73.220 82.010 91.330  2.432 61.420 61.890 17.820 18.860 10.490 47.800  5.612 11.580 65.380 27.590 81.190
 1  0.000000 
 38.660 62.930  0.412 34.820 28.990 49.250 72.780 82.850 51.370 85.890 43.310 92.030 51.460 54.100  1.668 27.600 63.960 30.890 74.850 26.700
 1  0.000000 
 20.799 65.689 43.875 40.690 63.294 87.676 53.573 48.615 69.613 42.369 10.963 77.103 51.769 84.846 60.733 62.125 13.291 29.469 83.204 54.102
 14  20.486021 
 70.850 94.300 42.090 25.970 55.220 28.440 65.730 64.480 11.000 40.260 64.300 17.270 78.280  3.913 99.110 26.510 49.890 51.260 14.980  9.921
 1  0.000000 
 40.833 59.476 87.974 36.083 12.518 41.908 37.847 29.000 32.024 69.848 74.533 67.069 10.908 38.851 35.695  9.085 61.618 42.150 20.374 15.191
 25  21.983080 
 25.251 27.717 43.220 65.330 29.360 11.044 83.367 26.765 50.531 88.545 33.961 31.663 42.325 86.737 75.247 48.125 28.327 26.793 30.135 37.691
 25  21.648487 
 61.970 91.430 25.780 48.040 67.420 62.340 49.660 44.600 83.390 95.130 84.540 46.910 83.810  9.525 32.280 43.530 83.110 57.500 62.000 65.160
 1  0.000000 
 39.700 79.406 37.217 13.534 46.192 84.378 38.193 73.807 85.674 78.035 84.983 63.212 54.988 40.654 88.176 82.365 63.265 30.215 68.725 59.799
 50  24.845076 
 14.808 49.814 54.821 85.159 86.007 14.880 55.027 45.564 74.584 67.965 73.425 20.948 73.610 31.174 65.674 89.251 66.598 37.530 86.272 45.887
 25  22.269085 
 26.195 67.950  6.666 17.580 67.095 26.795 62.535 40.675 83.235 72.180 13.370 76.205 67.210 59.170 36.025 59.505 31.585 32.645 74.220 44.575
 2  114.929031 
 93.070  6.101 41.490 51.670 57.480 28.340 69.570 13.520 26.710 75.580 89.480 72.960 38.610 57.300 94.720 44.940 62.890 93.990 98.080 49.990
 1  0.000000 
 84.517 47.821 40.572 54.809 56.858 32.599 88.480 77.297 21.036 34.050 54.517 48.340 45.514 60.672 11.718 49.570 63.809 36.273 26.578 12.842
 25  17.308874 
 89.980 96.050 90.990 27.110 19.370 83.480 12.740 38.830 96.650 78.550 52.860 98.000 22.510 50.400 33.360 55.980 81.450 82.840 97.980  4.189
 1  0.000000 
 78.540 46.015 18.065 21.950 97.300 45.060 72.235 52.075 20.274 17.000 73.455 37.785 68.895 93.160 47.820 17.435 49.380 61.220 31.948 85.870
 2  158.771622 
 57.150  3.189 47.600 75.860 96.340 84.320  6.932 47.930 13.070 52.540 27.800 40.420  3.982 45.460 19.720 97.600 63.810 11.070 15.210 26.340
 1  0.000000 
 89.240 73.214 44.259 90.901 80.579 90.740 25.614 63.312 43.731 87.603 45.200 34.864 26.970 25.980 86.851 61.002 65.674 16.126 86.489 13.734
 14  16.022350 
 78.407 44.724 34.354 26.382 59.916 79.278 64.830 79.152 12.202 59.566 86.057 74.338 55.573 24.990 76.783 77.422 42.394 40.069 32.566 60.632
 25  16.831062 
 46.355 54.855 50.125 41.810 71.955  1.066 26.825 21.020 54.990 75.080 43.055 74.210 45.900 61.830 66.465 34.510 87.430 12.100 49.680 54.950
 2  134.176086 
  2.714 81.880  2.067 87.910 70.940 83.650 16.940 14.340 20.940 20.770 27.460 88.070 12.820 78.930 95.010 28.890 56.970 24.510 69.490  4.826
 1  0.000000 
 24.620 33.030 78.590 72.480  1.185  5.961 61.570 72.170 37.440 75.520 46.120 59.580 95.640 79.020 15.280 48.600 34.320 83.000 21.730 63.650
 1  0.000000 
 12.299 77.325 65.190 83.405 53.210 51.915 82.565 24.529 61.655 52.895 44.236 37.189 25.685 16.390 62.135 94.495 28.396 49.710 64.950  9.445
 2  164.191177 
 52.180 76.980 61.670 19.630 65.170 36.200 66.490  2.796 57.210 69.850 43.040 43.010 67.980 87.850 84.240 15.290 18.970 24.480  0.176 49.140
 1  0.000000 
 22.710 86.984 22.917 38.666 78.471 31.475 52.617 16.115 79.300 87.789 88.470 66.523 28.799 24.436 40.091 25.124 88.156 60.358 16.678  9.733
 25  16.727074 
 59.870 24.420 45.950 92.560  0.673 32.180 14.100 86.350 27.570 45.400 54.180 24.380 23.780 83.730 19.530 36.940 70.400 74.220 42.710 10.370
 1  0.000000 
 56.946 85.325 87.611 65.686 33.845 52.364 45.107 24.447 71.386 11.952 66.536 58.045 17.613 73.982 32.074 65.862 29.045 15.406 41.737 70.064
 25  22.913897 
 42.878 75.510 84.760 48.010 77.715 84.250 25.150 61.120  9.622 87.730 54.390 28.140 27.915 36.615 22.875 11.896 70.110 82.820 40.276 68.305
 2  140.022354 
 94.470 92.300 46.360 42.700 10.280 76.320 35.070 35.950  2.982  6.397 45.090 17.440 35.760 24.120  3.067 86.730 93.460  0.888 33.490 54.110
 1  0.000000 
 31.240 62.704 43.754 43.014 84.281 30.668 78.878 26.108 39.942 55.050 11.399 35.662 58.118 35.274 29.129 85.531 73.356 28.844 21.518 31.397
 25  17.396725 
 75.055 38.020 36.635 12.595 28.365 71.060 23.790 19.605 58.270 15.788 37.475 69.300 48.750 21.305 87.990 22.465 86.380 77.405 84.430 38.015
 2  72.843300 
 57.960 91.740  0.472 18.930 60.970 65.560 20.450 33.360 42.350 18.060  0.107 43.220 55.160 39.420 59.500 73.930 78.990 33.340 23.810 31.560
 1  0.000000 
 17.830 44.276 12.071 91.163 72.740 90.370 63.016 57.619 44.759 36.474 13.723 29.673 86.284 70.495 42.867 60.574 30.394 65.579 86.505 46.468
 25  17.309521 
 15.462 82.277 75.228 84.315 19.108 39.949 83.371 57.633 58.092 78.924 22.218 21.752 65.728 56.750 29.593  9.771 83.114 75.052 74.473 88.649
 25  15.470867 
 80.686 40.356 33.739 41.358 83.486 18.832 58.166 42.109 80.019 38.238 67.367 35.392 30.006 32.192 32.105 36.226 29.272 50.753 15.892 47.799
 25  20.941603 
  0.000  0.000  0.000  0.000  0.000  0.000  0.000  0.000  0.000  0.000  0.000  0.000  0.000  0.000  0.000  0.000  0.000  0.000  0.000  0.000
 0  0.000000 
 63.719 80.715 62.290 68.126 44.786 45.922 63.708 22.799 44.512 12.009 48.116 77.106 82.740 14.946 30.747 65.110 48.907 42.996 15.651 45.076
 25  21.389400 
 29.424 37.181 31.434 48.060 66.766 45.799 74.385 57.661 39.459 83.187 66.504 90.560 17.133 28.007 52.565 27.751 48.164 43.634 26.171 20.504
 25  16.534786 
 40.290 61.160 62.390 45.310 44.930 35.050 66.690 17.860 36.120 89.870 38.980 83.720 97.490 15.100 25.050 71.130 84.740 10.590  5.303  4.437
 1  0.000000 
 22.292 80.805 28.005 72.225 59.660 38.690 27.320 14.623 67.070 71.435 39.719 53.910 88.905 25.463 87.325 34.775 31.150 62.255 28.155 43.595
 2  149.888885 
 38.585 52.648 26.965 29.291 63.813 50.703 37.836 30.826 48.373 32.572 33.541 32.438 49.341 24.788 11.276 72.640 54.432 19.848 14.275 63.512
 20  21.207697 
 14.720 42.490 82.140 27.580 89.540 17.830 25.910 53.970 57.900 54.580 43.420 56.410 58.580  2.940 70.290 30.380 25.400 30.850 42.500 87.060
 1  0.000000 
 79.374 42.815 35.406 36.274 39.391 40.280 59.508 39.286 72.922 73.191 65.478 62.197 63.319 28.839 21.549 65.330 49.264 48.792 53.742 24.612
 25  17.473425 
 73.230 24.570 47.770 89.910 78.670 10.810 79.890  6.992 26.610 57.710 24.070 44.580 61.660 79.900 57.010  2.937 11.090 62.570 50.990 11.760
 1  0.000000 
 49.806 47.870 73.460 60.380 26.857 81.645 88.848 49.741 52.808 82.696 51.771 45.202 89.205 41.678 53.027 40.026 86.812 85.740 51.766 63.836
 25  15.793610 
 49.618 84.788 56.987 15.140 31.816 82.840 49.906 87.522 40.420 72.871 43.592 85.663 79.526 26.949 76.474 30.568 32.870 10.084 52.066 90.918
 25  16.762506 
 45.428 29.843 28.497 19.843 76.486 34.348 21.306 89.555 38.026 38.188 89.454 63.144 12.614 80.114 24.114 86.960 50.643 37.234 76.100 74.302
 25  15.822957 
  0.000  0.000  0.000  0.000  0.000  0.000  0.000  0.000  0.000  0.000  0.000  0.000  0.000  0.000  0.000  0.000  0.000  0.000  0.000  0.000
 0  0.000000 
 66.174 32.761 10.726 56.378 85.254 66.814 31.297 80.867 12.934 74.294 88.008 37.135 34.613 78.447 88.401 80.896 81.684 81.635 52.842 23.700
 25  21.601032 
 39.551 45.087 17.399 35.239 70.375 54.178 23.679  9.255 64.637 28.294 88.414 89.052 27.237 10.287 78.145 48.632 64.926 29.027 64.102 41.995
 25  16.091640 
 75.461 56.788 49.784 35.448 34.993 85.355 25.916 70.831 84.893 72.302 74.210 53.705 60.303 40.030 86.286 61.713 82.261 13.178 76.404 44.189
 25  15.625212 
 57.694 23.452 53.891 35.839 72.294 14.130 26.026 27.693 65.358 64.083 52.984 10.903 82.264 27.732  8.563 82.284 64.060 52.015 19.123 23.060
 25  16.271420 
 62.808 23.300 21.406 80.053 70.990 45.186 20.202 26.846 15.595 29.288 56.009 44.482 27.597 59.000 86.042 44.249 51.100 57.300 53.696 16.547
 25  21.147181 
 56.550 11.360 72.070 12.350 76.570 85.660 73.160 93.550 43.110 99.500  3.896 33.670 32.610 42.900  0.542 18.030 73.800 62.160 88.180 95.290
 1  0.000000 
 38.166 25.286 65.912 83.965 28.333 58.036 79.035 37.703 41.465 21.977 84.188 35.381 75.723 20.173 87.543 58.222 60.923 71.765 30.493 24.055
 25  16.652435 
 44.420 86.700 38.450  5.518 34.240  7.811 30.910 56.570 96.410 89.220 80.640 40.690 87.420 45.820 57.470 51.830 33.880 75.360 87.930 95.670
 1  0.000000 
 36.408 53.502 29.762 27.694 58.236 48.936 37.876 30.492 46.130 29.810 32.852 36.998 52.158 22.808 11.661 68.478 54.796 25.584 12.612 63.066
 5  21.070393 
 68.210 43.165 37.800  4.514 25.625 14.965 28.865 96.420 41.185 25.785 62.240 41.930 76.800 38.205 62.280 93.835 88.925 86.520 46.065 85.950
 2  100.482574 
 34.600 39.560 38.230 26.230 37.250 94.190 83.480  6.398 36.090 79.190  8.204 26.330 19.770 58.740 86.680 48.000 44.060 30.600 14.470 20.620
 1  0.000000 
 60.830 83.150  6.594 41.660 38.210 36.990 76.720  7.526 96.010  2.564 25.060 37.400 67.650 38.820 21.620  8.819 27.690 75.290 71.410 57.420
 1  0.000000 
 26.160 81.740 42.520  8.391 90.480 91.410 45.680 26.280 78.070 37.660 44.380 94.310 42.440 14.880 42.380  7.205 26.390 23.240 82.530  2.784
 1  0.000000 
 14.760 45.070 16.120 29.130 63.560 30.270 63.730 58.030 25.130 50.230 69.180 87.090 90.910 30.570 39.730 43.740 50.660 14.190 59.410 35.900
 1  0.000000 
 30.955 48.145 72.495 80.065 93.225 69.130  0.755 65.620 85.380 65.490 31.630 76.300 16.861  9.005 68.850 50.505 88.080 56.705 33.055 48.220
 2  120.648727 
 20.780 54.365 73.455 58.515 31.345 79.815 58.690 55.845 88.600 41.340 35.865 25.003 71.590 35.950 88.225 46.275 51.135 81.910 16.355 95.550
 2  117.131432 
 40.899 42.392 14.555 36.424 66.715 57.444 28.750 16.704 67.308 32.610 87.849 87.264 31.220 12.733 78.173 46.940 59.771 31.489 64.198 42.317
 0  0.000000 
 79.729 31.041 28.402 35.292 20.434 87.458 83.177 27.553 44.082 85.619 17.954 37.152 71.275 74.663 15.951 26.297 42.031 74.724 72.851 33.466
 25  22.536940 
 70.540 35.490 59.630  7.295 83.770 68.170 66.750 74.110 26.820 45.850 17.420  2.288 43.010 35.600  4.802 96.120 69.930 22.780 63.720  9.020
 1  0.000000 
 70.510 71.140 32.430 27.460  9.047 12.910  2.162 92.080  8.467 14.280 24.740 36.620 70.900 42.240 57.790 19.260 39.200 14.980 68.600 25.030
 1  0.000000 
 40.805 77.075 51.657 88.890 28.850 42.315 66.360 92.680 29.440 47.865 91.475 60.765 59.720 38.080 67.860 79.465 59.050 36.370 65.460 11.850
 2  159.575516 
 31.390 16.504 10.147 13.854 16.481 38.655 18.401 57.827 22.952 78.396 20.072 80.363  9.637 65.551 33.307 68.661 74.305 48.088 52.231 91.933
 14  15.638761 
